fleece: 5.137291280148423
net3dgreen: 0.9288829251928883
net3dyellow: 1.5538720538720538
tarpgreen: 0.9357891179452518
hedge: 0.9871657754010695
tarpgray: 3.1077441077441077
turf: 0.9949694574200503
persongreen: 0.4945525986783354
net3dgray: 1.4550709406200735
net2dgreen: 0.9153719008264463
personyellow: 0.5333204930662557
