fleece: 1.9604743083003953
net3dgreen: 1.156177156177156
net3dyellow: 1.3663911845730028
tarpgreen: 1.3262032085561497
hedge: 0.8841354723707665
tarpgray: 2.373205741626794
turf: 0.8507718696397941
persongreen: 0.512396694214876
net3dgray: 1.6103896103896105
net2dgreen: 0.9018181818181819
personyellow: 0.578088578088578
